  -79.2008   33.1708
  -79.3392   33.2415
  -81.0786   33.1885
  -81.4542   32.8521
  -83.1343   32.0168
  -83.4308   32.3639
  -83.8953   32.1682
  -84.5279   32.1682
  -85.0517   32.0613
  -85.8028   31.8652
  -86.1981   31.5437
  -86.4452   31.7849
  -86.7812   31.8473
  -86.9888   31.8563
  -87.2754   31.8563
  -87.4829   31.7313
  -86.6033   31.2215
  -87.1963   30.5301
  -86.8801   30.4581
  -86.2673   30.9974
  -86.0004   31.2573
  -85.7040   31.4006
  -85.4272   31.4364
  -85.0912   31.3558
  -84.8046   31.1677
  -84.7255   30.8897
  -84.8046   30.7010
  -84.8046   30.2689
  -84.8046   30.0435
  -84.8935   29.9261
  -85.1703   29.8990
  -85.2691   29.8357
  -85.2691   29.6187
  -85.0714   29.6187
  -84.2907   29.9080
  -84.0238   30.1066
  -83.3221   30.6381
  -82.9861   30.8448
  -82.8181   31.0063
  -83.2233   31.6420
  -82.9564   31.7759
  -82.7983   31.5884
  -82.5216   31.7134
  -82.2053   31.8563
  -81.9187   31.9098
  -81.6024   31.9187
  -81.3553   31.8652
  -81.1280   31.7224
  -80.8019   32.0880
  -80.1595   32.5416
  -79.6258   32.8787
  -79.2502   33.1443
  -79.2502   33.1443