-8.653218948358137652e+01 4.660749353485292801e+01
-8.619529158006301373e+01 4.676062894554308969e+01
-8.533773328019810833e+01 4.674531540447406996e+01
-8.506208954095582442e+01 4.689845081516423875e+01
-8.497020829454172031e+01 4.648498520630079867e+01
-8.418921770002189930e+01 4.648498520630079867e+01
-8.423515832322894425e+01 4.622465500812752737e+01
-8.472519163743746162e+01 4.616340084385146270e+01
-8.541430098554319272e+01 4.627059563133457232e+01
-8.590433429975171009e+01 4.602557897423031363e+01
-8.653218948358137652e+01 4.660749353485292801e+01
