-9.673100783554613713e+01 4.045145002510842858e+01
-9.693008386944335086e+01 4.052801773045351297e+01
-9.700665157478843525e+01 4.072709376435072670e+01
-9.685351616409826647e+01 4.106399166786907529e+01
-9.650130471951089817e+01 4.130900832497333397e+01
-9.598064432316434136e+01 4.133963540711137341e+01
-9.553655163216288315e+01 4.153871144100858004e+01
-9.506183185902338550e+01 4.186029580345791601e+01
-9.415833293595142095e+01 4.264128639797774412e+01
-9.351516421105274901e+01 4.328445512287642316e+01
-9.302513089684423164e+01 4.388168322456805015e+01
-9.290262256829210230e+01 4.374386135494690819e+01
-9.296387673256816697e+01 4.333039574608346811e+01
-9.308638506112029631e+01 4.293224367828905486e+01
-9.348453712891470957e+01 4.228907495339036871e+01
-9.425021418236552506e+01 4.161527914635365732e+01
-9.515371310543747541e+01 4.115587291428317940e+01
-9.673100783554613713e+01 4.045145002510842858e+01
