-8.475581871957550106e+01 4.591838418674720401e+01
-8.464862393209239144e+01 4.581118939926408729e+01
-8.466393747316141116e+01 4.541303733146966692e+01
-8.487832704812763041e+01 4.480049568870902021e+01
-8.490895413026566985e+01 4.369792073173985614e+01
-8.458736976781632677e+01 4.337633636929051306e+01
-8.423515832322894425e+01 4.329976866394543578e+01
-8.317852398946683934e+01 4.248815098728758244e+01
-8.357667605726125259e+01 4.198280413201004535e+01
-8.429641248750502314e+01 4.261065931583971178e+01
-8.435766665178107360e+01 4.287098951401298308e+01
-8.460268330888533228e+01 4.313131971218625438e+01
-8.490895413026566985e+01 4.314663325325527410e+01
-8.536836036233614777e+01 4.360603948532575913e+01
-8.538367390340516749e+01 4.518333421543442796e+01
-8.475581871957550106e+01 4.591838418674720401e+01
