-9.304044443791323715e+01 4.398887801205116688e+01
-9.374486732708798797e+01 4.492300401726114956e+01
-9.291793610936110781e+01 4.585713002247113934e+01
-9.225945384339341615e+01 4.666874769912899978e+01
-9.224414030232441064e+01 4.738848412937275612e+01
-9.141720908459753048e+01 4.804696639534044778e+01
-9.083529452397490900e+01 4.807759347747848722e+01
-8.976334664914378436e+01 4.810822055961651245e+01
-9.059027786687065031e+01 4.778663619716717648e+01
-9.131001429711442086e+01 4.741911121151078845e+01
-9.176942052918489878e+01 4.708221330799243276e+01
-9.204506426842719691e+01 4.688313727409521903e+01
-9.193786948094407308e+01 4.673000186340506446e+01
-9.140189554352851076e+01 4.680656956875014174e+01
-9.088123514718196816e+01 4.709752684906145248e+01
-9.089654868825098788e+01 4.673000186340506446e+01
-9.003899038838608249e+01 4.669937478126702501e+01
-8.971740602593673941e+01 4.694439143837128370e+01
-8.915080500638313765e+01 4.700564560264734837e+01
-8.820136546010414236e+01 4.757224662220095013e+01
-8.772664568696463050e+01 4.755693308113193041e+01
-8.843106857613938132e+01 4.708221330799243276e+01
-8.885984772607183402e+01 4.666874769912899978e+01
-9.011555809373115267e+01 4.656155291164588306e+01
-9.086592160611294844e+01 4.651561228843883100e+01
-9.147846324887359515e+01 4.623996854919654709e+01
-9.206037780949620242e+01 4.576524877605704233e+01
-9.271886007546390829e+01 4.496894464046820161e+01
-9.313232568432734126e+01 4.464736027801886564e+01
-9.304044443791323715e+01 4.398887801205116688e+01
