-8.562869056050942618e+01 3.665369183999239766e+01
-8.596558846402778897e+01 3.741936889344320605e+01
-8.507740308202484414e+01 3.769501263268549707e+01
-8.392888750184863511e+01 3.804722407727287248e+01
-8.239753339494701834e+01 3.832286781651515639e+01
-8.163185634149621706e+01 3.898135008248285516e+01
-8.072835741842425250e+01 3.967045943058857915e+01
-7.930419809900575956e+01 4.083428855183380790e+01
-7.833944501165773033e+01 4.138557603031838994e+01
-7.676215028154906861e+01 4.182966872131986236e+01
-7.780347107424216802e+01 4.132432186604232527e+01
-7.843132625807183445e+01 4.089554271610987257e+01
-7.878353770265920275e+01 4.042082294297037492e+01
-7.961046892038606870e+01 3.973171359486464382e+01
-8.100400115766655063e+01 3.887415529499973843e+01
-8.189218653966948125e+01 3.769501263268549707e+01
-8.258129588777521235e+01 3.755719076306435511e+01
-8.434235311071206809e+01 3.722029285954599231e+01
-8.562869056050942618e+01 3.665369183999239766e+01
