-9.169285282383982860e+01 3.391256798863850008e+01
-9.259635174691177895e+01 3.415758464574275877e+01
-9.192255593987508178e+01 3.490794815812455454e+01
-9.120281950963131123e+01 3.556643042409224620e+01
-9.049839662045657462e+01 3.597989603295568628e+01
-8.941113520455641606e+01 3.673025954533747495e+01
-8.873733939751971889e+01 3.744999597558123838e+01
-8.794103526193086395e+01 3.850663030934335040e+01
-8.757351027627447593e+01 3.849131676827433779e+01
-8.757351027627447593e+01 3.810847824154893715e+01
-8.783384047444775433e+01 3.780220742016861379e+01
-8.763476444055055481e+01 3.766438555054746473e+01
-8.671595197640957053e+01 3.763375846840943240e+01
-8.640968115502926139e+01 3.748062305771927072e+01
-8.640968115502926139e+01 3.709778453099386297e+01
-8.696096863351382922e+01 3.709778453099386297e+01
-8.742037486558432136e+01 3.720497931847697970e+01
-8.803291650834496807e+01 3.705184390778681802e+01
-8.924268625279724176e+01 3.596458249188667367e+01
-9.062090494900870397e+01 3.512233773309078089e+01
-9.169285282383982860e+01 3.391256798863850008e+01
