-9.368361316281192330e+01 3.597989603295570049e+01
-9.285668194508504314e+01 3.662306475785437954e+01
-9.129470075604538692e+01 3.821567302903206098e+01
-8.982460081341983482e+01 3.922636673958712805e+01
-8.614935095685595456e+01 4.112524583214513285e+01
-8.281099900381043710e+01 4.256471869263265262e+01
-8.164716988256520835e+01 4.314663325325526699e+01
-8.057522200773408372e+01 4.449422486732868975e+01
-8.020769702207769569e+01 4.581118939926408018e+01
-7.840069917593378079e+01 4.694439143837127659e+01
-7.760439504034494007e+01 4.694439143837127659e+01
