4.000000	2712.837499	6.125000	3.500000	tri	-0.150000	0.000000	0.000000
4.000000	2712.837499	6.125000	3.500000	tri	-0.150000	0.000000	0.000000
4.000000	2712.837499	6.125000	3.500000	tri	-0.150000	0.000000	0.000000
4.000000	2712.837499	6.125000	3.500000	tri	-0.150000	0.000000	0.000000
4.000000	2712.837499	6.125000	3.500000	tri	-0.150000	0.000000	0.000000
4.000000	2712.837499	6.125000	3.500000	tri	-0.150000	0.000000	0.000000
4.000000	2712.837499	6.125000	3.500000	tri	-0.150000	0.000000	0.000000
4.000000	2712.837499	6.125000	3.500000	tri	-0.150000	0.000000	0.000000
4.000000	2712.837499	6.125000	3.500000	tri	-0.150000	0.000000	0.000000
4.000000	2712.837499	6.125000	3.500000	tri	-0.150000	0.000000	0.000000
4.000000	2712.837499	6.125000	3.500000	tri	-0.150000	0.000000	0.000000
1.000000	2712.837499	6.125000	3.500000	tri	-0.150000	0.000000	0.000000
4.000000	3107.799804	7.534000	4.200000	iso	0.000000	0.000000	0.000000
4.000000	3108.837741	7.532893	4.200000	iso	0.000000	0.000000	0.000000
4.000000	3109.876372	7.531786	4.200000	iso	0.000000	0.000000	0.000000
4.000000	3110.915697	7.530679	4.200000	iso	0.000000	0.000000	0.000000
4.000000	3111.955718	7.529572	4.200000	iso	0.000000	0.000000	0.000000
4.000000	3112.996433	7.528465	4.200000	iso	0.000000	0.000000	0.000000
4.000000	3114.037844	7.527359	4.200000	iso	0.000000	0.000000	0.000000
4.000000	3115.079953	7.526252	4.200000	iso	0.000000	0.000000	0.000000
4.000000	3116.122759	7.525130	4.200000	iso	0.000000	0.000000	0.000000
4.000000	3117.166263	7.523984	4.200000	iso	0.000000	0.000000	0.000000
4.000000	3118.210467	7.522837	4.200000	iso	0.000000	0.000000	0.000000
4.000000	3119.255370	7.521691	4.200000	iso	0.000000	0.000000	0.000000
4.000000	3120.300974	7.520545	4.200000	iso	0.000000	0.000000	0.000000
4.000000	3121.347279	7.519398	4.200000	iso	0.000000	0.000000	0.000000
4.000000	3122.394287	7.518252	4.200000	iso	0.000000	0.000000	0.000000
4.000000	3123.441996	7.517106	4.200000	iso	0.000000	0.000000	0.000000
4.000000	3124.490409	7.515959	4.200000	iso	0.000000	0.000000	0.000000
4.000000	3125.539526	7.514813	4.200000	iso	0.000000	0.000000	0.000000
4.000000	3126.589348	7.513667	4.200000	iso	0.000000	0.000000	0.000000
4.000000	3127.639876	7.520128	4.200000	iso	0.000000	0.000000	0.000000
4.000000	3128.691109	7.529125	4.200000	iso	0.000000	0.000000	0.000000
4.000000	3129.743050	7.538123	4.200000	iso	0.000000	0.000000	0.000000
4.000000	3130.795698	7.547120	4.200000	iso	0.000000	0.000000	0.000000
4.000000	3131.849055	7.556117	4.200000	iso	0.000000	0.000000	0.000000
4.000000	3132.903121	7.565115	4.200000	iso	0.000000	0.000000	0.000000
4.000000	3133.957896	7.574112	4.200000	iso	0.000000	0.000000	0.000000
4.000000	3135.013382	7.583109	4.200000	iso	0.000000	0.000000	0.000000
4.000000	3136.069579	7.592107	4.200000	iso	0.000000	0.000000	0.000000
4.000000	3137.126487	7.601104	4.200000	iso	0.000000	0.000000	0.000000
4.000000	3138.184109	7.610101	4.200000	iso	0.000000	0.000000	0.000000
4.000000	3139.242444	7.619099	4.200000	iso	0.000000	0.000000	0.000000
4.000000	3140.301493	7.628096	4.200000	iso	0.000000	0.000000	0.000000
4.000000	3141.361256	7.637093	4.200000	iso	0.000000	0.000000	0.000000
4.000000	3142.421735	7.646091	4.200000	iso	0.000000	0.000000	0.000000
4.000000	3143.482931	7.655088	4.200000	iso	0.000000	0.000000	0.000000
4.000000	3144.544843	7.664085	4.200000	iso	0.000000	0.000000	0.000000
4.000000	3145.607473	7.673083	4.200000	iso	0.000000	0.000000	0.000000
4.000000	3146.670822	7.682080	4.200000	iso	0.000000	0.000000	0.000000
4.000000	3147.734890	7.691077	4.200000	iso	0.000000	0.000000	0.000000
4.000000	3148.799677	7.700075	4.200000	iso	0.000000	0.000000	0.000000
4.000000	3149.865185	7.709072	4.200000	iso	0.000000	0.000000	0.000000
4.000000	3150.931415	7.716097	4.200000	iso	0.000000	0.000000	0.000000
4.000000	3151.998367	7.717206	4.200000	iso	0.000000	0.000000	0.000000
4.000000	3153.066041	7.718315	4.200000	iso	0.000000	0.000000	0.000000
4.000000	3154.134439	7.719424	4.200000	iso	0.000000	0.000000	0.000000
4.000000	3155.203561	7.720532	4.200000	iso	0.000000	0.000000	0.000000
4.000000	3156.273409	7.721641	4.200000	iso	0.000000	0.000000	0.000000
4.000000	3157.343982	7.722750	4.200000	iso	0.000000	0.000000	0.000000
4.000000	3158.415281	7.723859	4.200000	iso	0.000000	0.000000	0.000000
4.000000	3159.487308	7.724968	4.200000	iso	0.000000	0.000000	0.000000
4.000000	3160.560063	7.726076	4.200000	iso	0.000000	0.000000	0.000000
4.000000	3161.633546	7.727185	4.200000	iso	0.000000	0.000000	0.000000
4.000000	3162.707759	7.728294	4.200000	iso	0.000000	0.000000	0.000000
4.000000	3163.782703	7.729403	4.200000	iso	0.000000	0.000000	0.000000
4.000000	3164.858377	7.730890	4.200000	iso	0.000000	0.000000	0.000000
4.000000	3165.934783	7.732502	4.200000	iso	0.000000	0.000000	0.000000
4.000000	3167.011921	7.734115	4.200000	iso	0.000000	0.000000	0.000000
4.000000	3168.089792	7.735728	4.200000	iso	0.000000	0.000000	0.000000
4.000000	3169.168398	7.737341	4.200000	iso	0.000000	0.000000	0.000000
4.000000	3170.247738	7.738954	4.200000	iso	0.000000	0.000000	0.000000
4.000000	3171.327813	7.740566	4.200000	iso	0.000000	0.000000	0.000000
4.000000	3172.408625	7.742179	4.200000	iso	0.000000	0.000000	0.000000
4.000000	3173.490174	7.743792	4.200000	iso	0.000000	0.000000	0.000000
3.000000	3174.437134	7.745203	4.200000	iso	0.000000	0.000000	0.000000
